17.267200
64.294785
0.000000
1.000000
8.256000
2698
-0.000000
-0.000000
-0.000000
-0.000000
-0.000000
-0.000000
-0.000000
-0.000000
-0.000000
-0.000000
-0.000000
-0.000000
-0.000000
-0.000000
-0.000000
-0.000000
0.000379
0.000474
0.000577
0.000688
0.000808
0.000934
0.001068
0.001208
0.001355
0.001507
0.001663
0.001824
0.001987
0.002153
0.002319
0.002486
0.002650
0.002812
0.002969
0.003120
0.003264
0.003399
0.003523
0.003635
0.003732
0.003814
0.003878
0.003922
0.003944
0.003944
0.003919
0.003867
0.003787
0.003677
0.003535
0.003361
0.003153
0.002909
0.002628
0.002310
0.001953
0.001557
0.001122
0.000646
0.000130
-0.000427
-0.001024
-0.001662
-0.002338
-0.003054
-0.003808
-0.004598
-0.005425
-0.006285
-0.007178
-0.008101
-0.009053
-0.010032
-0.011034
-0.012058
-0.013100
-0.014159
-0.015230
-0.016310
-0.017398
-0.018488
-0.019578
-0.020665
-0.021744
-0.022813
-0.023867
-0.024903
-0.025918
-0.026908
-0.027869
-0.028798
-0.029692
-0.030548
-0.031362
-0.032131
-0.032853
-0.033524
-0.034143
-0.034708
-0.035215
-0.035662
-0.036050
-0.036374
-0.036636
-0.036833
-0.036965
-0.037031
-0.037031
-0.036965
-0.036833
-0.036636
-0.036374
-0.036050
-0.035662
-0.035215
-0.034708
-0.034143
-0.033524
-0.032853
-0.032131
-0.031362
-0.030548
-0.029692
-0.028798
-0.027869
-0.026908
-0.025918
-0.024903
-0.023867
-0.022813
-0.021744
-0.020665
-0.019578
-0.018488
-0.017398
-0.016310
-0.015230
-0.014159
-0.013100
-0.012058
-0.011034
-0.010032
-0.009053
-0.008101
-0.007178
-0.006285
-0.005425
-0.004598
-0.003808
-0.003054
-0.002338
-0.001662
-0.001024
-0.000427
0.000130
0.000646
0.001122
0.001557
0.001953
0.002310
0.002628
0.002909
0.003153
0.003361
0.003535
0.003677
0.003787
0.003867
0.003919
0.003944
0.003944
0.003922
0.003878
0.003814
0.003732
0.003635
0.003523
0.003399
0.003264
0.003120
0.002969
0.002812
0.002650
0.002486
0.002319
0.002153
0.001987
0.001824
0.001663
0.001507
0.001355
0.001208
0.001068
0.000934
0.000808
0.000688
0.000577
0.000474
0.000379
-0.000000
-0.000000
-0.000000
-0.000000
-0.000000
-0.000000
-0.000000
-0.000000
-0.000000
-0.000000
-0.000000
-0.000000
-0.000000
-0.000000
-0.000000
-0.000000
-0.000000
-0.000000
-0.000000
-0.000000
-0.000000
-0.000000
-0.000000
-0.000000
-0.000000
-0.000000
-0.000000
-0.000000
-0.000000
-0.000000
-0.000000
0.001108
0.001386
0.001688
0.002014
0.002362
0.002732
0.003123
0.003534
0.003962
0.004406
0.004865
0.005334
0.005813
0.006297
0.006784
0.007270
0.007751
0.008224
0.008684
0.009126
0.009547
0.009942
0.010305
0.010631
0.010916
0.011155
0.011341
0.011470
0.011537
0.011536
0.011462
0.011310
0.011076
0.010754
0.010341
0.009831
0.009221
0.008508
0.007687
0.006756
0.005713
0.004555
0.003281
0.001889
0.000379
-0.001250
-0.002996
-0.004860
-0.006840
-0.008933
-0.011137
-0.013450
-0.015866
-0.018383
-0.020994
-0.023695
-0.026480
-0.029341
-0.032273
-0.035268
-0.038316
-0.041412
-0.044544
-0.047706
-0.050886
-0.054075
-0.057264
-0.060442
-0.063598
-0.066724
-0.069807
-0.072838
-0.075805
-0.078700
-0.081512
-0.084230
-0.086845
-0.089347
-0.091727
-0.093978
-0.096089
-0.098054
-0.099864
-0.101514
-0.102997
-0.104307
-0.105439
-0.106390
-0.107154
-0.107730
-0.108116
-0.108309
-0.108309
-0.108116
-0.107730
-0.107154
-0.106390
-0.105439
-0.104307
-0.102997
-0.101514
-0.099864
-0.098054
-0.096089
-0.093978
-0.091727
-0.089347
-0.086845
-0.084230
-0.081512
-0.078700
-0.075805
-0.072838
-0.069807
-0.066724
-0.063598
-0.060442
-0.057264
-0.054075
-0.050886
-0.047706
-0.044544
-0.041412
-0.038316
-0.035268
-0.032273
-0.029341
-0.026480
-0.023695
-0.020994
-0.018383
-0.015866
-0.013450
-0.011137
-0.008933
-0.006840
-0.004860
-0.002996
-0.001250
0.000379
0.001889
0.003281
0.004555
0.005713
0.006756
0.007687
0.008508
0.009221
0.009831
0.010341
0.010754
0.011076
0.011310
0.011462
0.011536
0.011537
0.011470
0.011341
0.011155
0.010916
0.010631
0.010305
0.009942
0.009547
0.009126
0.008684
0.008224
0.007751
0.007270
0.006784
0.006297
0.005813
0.005334
0.004865
0.004406
0.003962
0.003534
0.003123
0.002732
0.002362
0.002014
0.001688
0.001386
0.001108
-0.000000
-0.000000
-0.000000
-0.000000
-0.000000
-0.000000
-0.000000
-0.000000
-0.000000
-0.000000
-0.000000
-0.000000
-0.000000
-0.000000
-0.000000
0.000000
0.000000
0.000000
0.000000
0.000000
0.000000
0.000000
0.000000
0.000000
0.000000
0.000000
0.000000
0.000000
0.000000
0.000000
0.000000
0.001103
0.001381
0.001682
0.002006
0.002352
0.002721
0.003111
0.003520
0.003946
0.004389
0.004845
0.005313
0.005790
0.006272
0.006757
0.007241
0.007720
0.008191
0.008649
0.009090
0.009509
0.009902
0.010264
0.010589
0.010873
0.011110
0.011296
0.011425
0.011491
0.011490
0.011416
0.011265
0.011032
0.010711
0.010299
0.009792
0.009184
0.008474
0.007656
0.006729
0.005690
0.004537
0.003268
0.001882
0.000378
-0.001245
-0.002984
-0.004841
-0.006812
-0.008897
-0.011093
-0.013396
-0.015803
-0.018310
-0.020911
-0.023601
-0.026374
-0.029225
-0.032145
-0.035127
-0.038164
-0.041247
-0.044367
-0.047516
-0.050683
-0.053860
-0.057036
-0.060201
-0.063345
-0.066458
-0.069529
-0.072547
-0.075504
-0.078387
-0.081187
-0.083894
-0.086499
-0.088991
-0.091362
-0.093603
-0.095706
-0.097663
-0.099467
-0.101110
-0.102587
-0.103891
-0.105019
-0.105966
-0.106728
-0.107301
-0.107685
-0.107877
-0.107877
-0.107685
-0.107301
-0.106728
-0.105966
-0.105019
-0.103891
-0.102587
-0.101110
-0.099467
-0.097663
-0.095706
-0.093603
-0.091362
-0.088991
-0.086499
-0.083894
-0.081187
-0.078387
-0.075504
-0.072547
-0.069529
-0.066458
-0.063345
-0.060201
-0.057036
-0.053860
-0.050683
-0.047516
-0.044367
-0.041247
-0.038164
-0.035127
-0.032145
-0.029225
-0.026374
-0.023601
-0.020911
-0.018310
-0.015803
-0.013396
-0.011093
-0.008897
-0.006812
-0.004841
-0.002984
-0.001245
0.000378
0.001882
0.003268
0.004537
0.005690
0.006729
0.007656
0.008474
0.009184
0.009792
0.010299
0.010711
0.011032
0.011265
0.011416
0.011490
0.011491
0.011425
0.011296
0.011110
0.010873
0.010589
0.010264
0.009902
0.009509
0.009090
0.008649
0.008191
0.007720
0.007241
0.006757
0.006272
0.005790
0.005313
0.004845
0.004389
0.003946
0.003520
0.003111
0.002721
0.002352
0.002006
0.001682
0.001381
0.001103
0.000000
0.000000
0.000000
0.000000
0.000000
0.000000
0.000000
0.000000
0.000000
0.000000
0.000000
0.000000
0.000000
0.000000
0.000000
0.000000
0.000000
0.000000
0.000000
0.000000
0.000000
0.000000
0.000000
0.000000
0.000000
0.000000
0.000000
0.000000
0.000000
0.000000
0.000000
-0.001134
-0.001419
-0.001728
-0.002061
-0.002417
-0.002796
-0.003196
-0.003616
-0.004055
-0.004510
-0.004979
-0.005460
-0.005949
-0.006445
-0.006943
-0.007440
-0.007933
-0.008417
-0.008887
-0.009341
-0.009771
-0.010175
-0.010547
-0.010881
-0.011173
-0.011417
-0.011607
-0.011739
-0.011808
-0.011807
-0.011731
-0.011576
-0.011336
-0.011007
-0.010583
-0.010062
-0.009437
-0.008707
-0.007867
-0.006915
-0.005847
-0.004662
-0.003358
-0.001933
-0.000388
0.001279
0.003066
0.004974
0.007000
0.009142
0.011399
0.013765
0.016239
0.018814
0.021487
0.024251
0.027101
0.030030
0.033030
0.036095
0.039215
0.042383
0.045590
0.048825
0.052080
0.055344
0.058607
0.061860
0.065090
0.068289
0.071445
0.074546
0.077584
0.080547
0.083424
0.086206
0.088882
0.091443
0.093880
0.096183
0.098343
0.100354
0.102207
0.103896
0.105413
0.106754
0.107913
0.108886
0.109668
0.110258
0.110652
0.110850
0.110850
0.110652
0.110258
0.109668
0.108886
0.107913
0.106754
0.105413
0.103896
0.102207
0.100354
0.098343
0.096183
0.093880
0.091443
0.088882
0.086206
0.083424
0.080547
0.077584
0.074546
0.071445
0.068289
0.065090
0.061860
0.058607
0.055344
0.052080
0.048825
0.045590
0.042383
0.039215
0.036095
0.033030
0.030030
0.027101
0.024251
0.021487
0.018814
0.016239
0.013765
0.011399
0.009142
0.007000
0.004974
0.003066
0.001279
-0.000388
-0.001933
-0.003358
-0.004662
-0.005847
-0.006915
-0.007867
-0.008707
-0.009437
-0.010062
-0.010583
-0.011007
-0.011336
-0.011576
-0.011731
-0.011807
-0.011808
-0.011739
-0.011607
-0.011417
-0.011173
-0.010881
-0.010547
-0.010175
-0.009771
-0.009341
-0.008887
-0.008417
-0.007933
-0.007440
-0.006943
-0.006445
-0.005949
-0.005460
-0.004979
-0.004510
-0.004055
-0.003616
-0.003196
-0.002796
-0.002417
-0.002061
-0.001728
-0.001419
-0.001134
0.000000
0.000000
0.000000
0.000000
0.000000
0.000000
0.000000
0.000000
0.000000
0.000000
0.000000
0.000000
0.000000
0.000000
0.000000
0.000000
0.000000
0.000000
0.000000
0.000000
0.000000
0.000000
0.000000
0.000000
0.000000
0.000000
0.000000
0.000000
0.000000
0.000000
0.000000
-0.005557
-0.006954
-0.008469
-0.010101
-0.011848
-0.013705
-0.015666
-0.017725
-0.019874
-0.022104
-0.024403
-0.026759
-0.029159
-0.031588
-0.034030
-0.036468
-0.038882
-0.041253
-0.043559
-0.045780
-0.047892
-0.049870
-0.051691
-0.053330
-0.054760
-0.055955
-0.056890
-0.057538
-0.057872
-0.057867
-0.057496
-0.056736
-0.055560
-0.053946
-0.051871
-0.049314
-0.046255
-0.042676
-0.038559
-0.033891
-0.028658
-0.022850
-0.016458
-0.009476
-0.001901
0.006268
0.015029
0.024379
0.034309
0.044810
0.055868
0.067467
0.079589
0.092213
0.105312
0.118861
0.132829
0.147184
0.161890
0.176910
0.192205
0.207731
0.223445
0.239302
0.255255
0.271253
0.287249
0.303190
0.319025
0.334701
0.350168
0.365371
0.380259
0.394779
0.408882
0.422516
0.435633
0.448185
0.460127
0.471414
0.482005
0.491861
0.500943
0.509219
0.516657
0.523229
0.528909
0.533676
0.537512
0.540402
0.542335
0.543303
0.543303
0.542335
0.540402
0.537512
0.533676
0.528909
0.523229
0.516657
0.509219
0.500943
0.491861
0.482005
0.471414
0.460127
0.448185
0.435633
0.422516
0.408882
0.394779
0.380259
0.365371
0.350168
0.334701
0.319025
0.303190
0.287249
0.271253
0.255255
0.239302
0.223445
0.207731
0.192205
0.176910
0.161890
0.147184
0.132829
0.118861
0.105312
0.092213
0.079589
0.067467
0.055868
0.044810
0.034309
0.024379
0.015029
0.006268
-0.001901
-0.009476
-0.016458
-0.022850
-0.028658
-0.033891
-0.038559
-0.042676
-0.046255
-0.049314
-0.051871
-0.053946
-0.055560
-0.056736
-0.057496
-0.057867
-0.057872
-0.057538
-0.056890
-0.055955
-0.054760
-0.053330
-0.051691
-0.049870
-0.047892
-0.045780
-0.043559
-0.041253
-0.038882
-0.036468
-0.034030
-0.031588
-0.029159
-0.026759
-0.024403
-0.022104
-0.019874
-0.017725
-0.015666
-0.013705
-0.011848
-0.010101
-0.008469
-0.006954
-0.005557
0.000000
0.000000
0.000000
0.000000
0.000000
0.000000
0.000000
0.000000
0.000000
0.000000
0.000000
0.000000
0.000000
0.000000
0.000000
0.000000
0.000000
0.000000
0.000000
0.000000
0.000000
0.000000
0.000000
0.000000
0.000000
0.000000
0.000000
0.000000
0.000000
0.000000
0.000000
-0.009630
-0.012049
-0.014675
-0.017503
-0.020530
-0.023748
-0.027146
-0.030715
-0.034439
-0.038302
-0.042285
-0.046368
-0.050527
-0.054737
-0.058968
-0.063192
-0.067375
-0.071483
-0.075481
-0.079329
-0.082988
-0.086416
-0.089572
-0.092411
-0.094888
-0.096960
-0.098580
-0.099702
-0.100282
-0.100273
-0.099631
-0.098312
-0.096275
-0.093479
-0.089883
-0.085453
-0.080152
-0.073950
-0.066817
-0.058727
-0.049659
-0.039595
-0.028519
-0.016421
-0.003294
0.010861
0.026043
0.042244
0.059451
0.077647
0.096808
0.116908
0.137914
0.159788
0.182487
0.205965
0.230169
0.255043
0.280527
0.306554
0.333056
0.359960
0.387191
0.414668
0.442310
0.470033
0.497750
0.525373
0.552812
0.579977
0.606777
0.633121
0.658919
0.684081
0.708519
0.732144
0.754874
0.776624
0.797317
0.816876
0.835228
0.852305
0.868044
0.882385
0.895273
0.906660
0.916503
0.924764
0.931411
0.936419
0.939768
0.941446
0.941446
0.939768
0.936419
0.931411
0.924764
0.916503
0.906660
0.895273
0.882385
0.868044
0.852305
0.835228
0.816876
0.797317
0.776624
0.754874
0.732144
0.708519
0.684081
0.658919
0.633121
0.606777
0.579977
0.552812
0.525373
0.497750
0.470033
0.442310
0.414668
0.387191
0.359960
0.333056
0.306554
0.280527
0.255043
0.230169
0.205965
0.182487
0.159788
0.137914
0.116908
0.096808
0.077647
0.059451
0.042244
0.026043
0.010861
-0.003294
-0.016421
-0.028519
-0.039595
-0.049659
-0.058727
-0.066817
-0.073950
-0.080152
-0.085453
-0.089883
-0.093479
-0.096275
-0.098312
-0.099631
-0.100273
-0.100282
-0.099702
-0.098580
-0.096960
-0.094888
-0.092411
-0.089572
-0.086416
-0.082988
-0.079329
-0.075481
-0.071483
-0.067375
-0.063192
-0.058968
-0.054737
-0.050527
-0.046368
-0.042285
-0.038302
-0.034439
-0.030715
-0.027146
-0.023748
-0.020530
-0.017503
-0.014675
-0.012049
-0.009630
0.000000
0.000000
0.000000
0.000000
0.000000
0.000000
0.000000
0.000000
0.000000
0.000000
0.000000
0.000000
0.000000
0.000000
0.000000
0.000000
0.000000
0.000000
0.000000
0.000000
0.000000
0.000000
0.000000
0.000000
0.000000
0.000000
0.000000
0.000000
0.000000
0.000000
0.000000
-0.010229
-0.012799
-0.015587
-0.018592
-0.021807
-0.025225
-0.028835
-0.032625
-0.036581
-0.040684
-0.044915
-0.049252
-0.053670
-0.058141
-0.062636
-0.067122
-0.071566
-0.075929
-0.080175
-0.084263
-0.088149
-0.091791
-0.095143
-0.098158
-0.100790
-0.102991
-0.104711
-0.105903
-0.106519
-0.106509
-0.105827
-0.104427
-0.102263
-0.099293
-0.095474
-0.090767
-0.085137
-0.078549
-0.070972
-0.062380
-0.052748
-0.042057
-0.030292
-0.017442
-0.003499
0.011537
0.027663
0.044872
0.063149
0.082476
0.102830
0.124180
0.146492
0.169726
0.193837
0.218775
0.244485
0.270906
0.297974
0.325620
0.353771
0.382348
0.411272
0.440459
0.469820
0.499267
0.528708
0.558049
0.587195
0.616049
0.644516
0.672499
0.699902
0.726629
0.752586
0.777681
0.801824
0.824927
0.846907
0.867682
0.887176
0.905316
0.922033
0.937266
0.950956
0.963051
0.973506
0.982281
0.989341
0.994660
0.998218
1.000000
1.000000
0.998218
0.994660
0.989341
0.982281
0.973506
0.963051
0.950956
0.937266
0.922033
0.905316
0.887176
0.867682
0.846907
0.824927
0.801824
0.777681
0.752586
0.726629
0.699902
0.672499
0.644516
0.616049
0.587195
0.558049
0.528708
0.499267
0.469820
0.440459
0.411272
0.382348
0.353771
0.325620
0.297974
0.270906
0.244485
0.218775
0.193837
0.169726
0.146492
0.124180
0.102830
0.082476
0.063149
0.044872
0.027663
0.011537
-0.003499
-0.017442
-0.030292
-0.042057
-0.052748
-0.062380
-0.070972
-0.078549
-0.085137
-0.090767
-0.095474
-0.099293
-0.102263
-0.104427
-0.105827
-0.106509
-0.106519
-0.105903
-0.104711
-0.102991
-0.100790
-0.098158
-0.095143
-0.091791
-0.088149
-0.084263
-0.080175
-0.075929
-0.071566
-0.067122
-0.062636
-0.058141
-0.053670
-0.049252
-0.044915
-0.040684
-0.036581
-0.032625
-0.028835
-0.025225
-0.021807
-0.018592
-0.015587
-0.012799
-0.010229
0.000000
0.000000
0.000000
0.000000
0.000000
0.000000
0.000000
0.000000
0.000000
0.000000
0.000000
0.000000
0.000000
0.000000
0.000000
0.000000
0.000000
0.000000
0.000000
0.000000
0.000000
0.000000
0.000000
0.000000
0.000000
0.000000
0.000000
0.000000
0.000000
0.000000
0.000000
-0.006923
-0.008662
-0.010549
-0.012583
-0.014759
-0.017072
-0.019515
-0.022080
-0.024757
-0.027534
-0.030398
-0.033333
-0.036323
-0.039349
-0.042391
-0.045427
-0.048434
-0.051388
-0.054261
-0.057027
-0.059658
-0.062122
-0.064391
-0.066432
-0.068213
-0.069702
-0.070867
-0.071673
-0.072090
-0.072083
-0.071622
-0.070674
-0.069210
-0.067199
-0.064615
-0.061430
-0.057619
-0.053160
-0.048033
-0.042217
-0.035699
-0.028464
-0.020501
-0.011804
-0.002368
0.007808
0.018722
0.030368
0.042738
0.055818
0.069593
0.084042
0.099143
0.114867
0.131185
0.148063
0.165463
0.183344
0.201663
0.220374
0.239425
0.258766
0.278341
0.298094
0.317966
0.337895
0.357820
0.377677
0.397402
0.416931
0.436197
0.455135
0.473681
0.491769
0.509336
0.526320
0.542660
0.558296
0.573171
0.587231
0.600424
0.612701
0.624015
0.634324
0.643589
0.651775
0.658851
0.664789
0.669568
0.673168
0.675575
0.676781
0.676781
0.675575
0.673168
0.669568
0.664789
0.658851
0.651775
0.643589
0.634324
0.624015
0.612701
0.600424
0.587231
0.573171
0.558296
0.542660
0.526320
0.509336
0.491769
0.473681
0.455135
0.436197
0.416931
0.397402
0.377677
0.357820
0.337895
0.317966
0.298094
0.278341
0.258766
0.239425
0.220374
0.201663
0.183344
0.165463
0.148063
0.131185
0.114867
0.099143
0.084042
0.069593
0.055818
0.042738
0.030368
0.018722
0.007808
-0.002368
-0.011804
-0.020501
-0.028464
-0.035699
-0.042217
-0.048033
-0.053160
-0.057619
-0.061430
-0.064615
-0.067199
-0.069210
-0.070674
-0.071622
-0.072083
-0.072090
-0.071673
-0.070867
-0.069702
-0.068213
-0.066432
-0.064391
-0.062122
-0.059658
-0.057027
-0.054261
-0.051388
-0.048434
-0.045427
-0.042391
-0.039349
-0.036323
-0.033333
-0.030398
-0.027534
-0.024757
-0.022080
-0.019515
-0.017072
-0.014759
-0.012583
-0.010549
-0.008662
-0.006923
0.000000
0.000000
0.000000
0.000000
0.000000
0.000000
0.000000
0.000000
0.000000
0.000000
0.000000
0.000000
0.000000
0.000000
0.000000
0.000000
0.000000
0.000000
0.000000
0.000000
0.000000
0.000000
0.000000
0.000000
0.000000
0.000000
0.000000
0.000000
0.000000
0.000000
0.000000
-0.002424
-0.003033
-0.003694
-0.004406
-0.005168
-0.005978
-0.006834
-0.007732
-0.008670
-0.009642
-0.010645
-0.011673
-0.012720
-0.013780
-0.014845
-0.015908
-0.016961
-0.017995
-0.019002
-0.019970
-0.020892
-0.021755
-0.022549
-0.023264
-0.023888
-0.024409
-0.024817
-0.025099
-0.025245
-0.025243
-0.025081
-0.024750
-0.024237
-0.023533
-0.022628
-0.021512
-0.020178
-0.018616
-0.016821
-0.014784
-0.012501
-0.009968
-0.007179
-0.004134
-0.000829
0.002734
0.006556
0.010635
0.014967
0.019547
0.024371
0.029431
0.034719
0.040225
0.045940
0.051850
0.057944
0.064206
0.070621
0.077173
0.083845
0.090618
0.097473
0.104390
0.111349
0.118328
0.125305
0.132259
0.139167
0.146005
0.152752
0.159384
0.165879
0.172213
0.178365
0.184313
0.190035
0.195510
0.200719
0.205643
0.210263
0.214562
0.218524
0.222135
0.225379
0.228246
0.230724
0.232803
0.234477
0.235737
0.236580
0.237003
0.237003
0.236580
0.235737
0.234477
0.232803
0.230724
0.228246
0.225379
0.222135
0.218524
0.214562
0.210263
0.205643
0.200719
0.195510
0.190035
0.184313
0.178365
0.172213
0.165879
0.159384
0.152752
0.146005
0.139167
0.132259
0.125305
0.118328
0.111349
0.104390
0.097473
0.090618
0.083845
0.077173
0.070621
0.064206
0.057944
0.051850
0.045940
0.040225
0.034719
0.029431
0.024371
0.019547
0.014967
0.010635
0.006556
0.002734
-0.000829
-0.004134
-0.007179
-0.009968
-0.012501
-0.014784
-0.016821
-0.018616
-0.020178
-0.021512
-0.022628
-0.023533
-0.024237
-0.024750
-0.025081
-0.025243
-0.025245
-0.025099
-0.024817
-0.024409
-0.023888
-0.023264
-0.022549
-0.021755
-0.020892
-0.019970
-0.019002
-0.017995
-0.016961
-0.015908
-0.014845
-0.013780
-0.012720
-0.011673
-0.010645
-0.009642
-0.008670
-0.007732
-0.006834
-0.005978
-0.005168
-0.004406
-0.003694
-0.003033
-0.002424
0.000000
0.000000
0.000000
0.000000
0.000000
0.000000
0.000000
0.000000
0.000000
0.000000
0.000000
0.000000
0.000000
0.000000
0.000000
0.000000
0.000000
0.000000
0.000000
0.000000
0.000000
0.000000
0.000000
0.000000
0.000000
0.000000
0.000000
0.000000
0.000000
0.000000
0.000000
0.000403
0.000505
0.000614
0.000733
0.000860
0.000994
0.001137
0.001286
0.001442
0.001604
0.001771
0.001942
0.002116
0.002292
0.002469
0.002646
0.002821
0.002993
0.003161
0.003322
0.003475
0.003618
0.003751
0.003869
0.003973
0.004060
0.004128
0.004175
0.004199
0.004199
0.004172
0.004117
0.004031
0.003914
0.003764
0.003578
0.003356
0.003096
0.002798
0.002459
0.002079
0.001658
0.001194
0.000688
0.000138
-0.000455
-0.001091
-0.001769
-0.002489
-0.003251
-0.004054
-0.004895
-0.005775
-0.006691
-0.007641
-0.008624
-0.009638
-0.010679
-0.011746
-0.012836
-0.013946
-0.015073
-0.016213
-0.017363
-0.018521
-0.019682
-0.020842
-0.021999
-0.023148
-0.024285
-0.025407
-0.026511
-0.027591
-0.028644
-0.029668
-0.030657
-0.031609
-0.032519
-0.033386
-0.034205
-0.034973
-0.035688
-0.036347
-0.036948
-0.037488
-0.037964
-0.038377
-0.038722
-0.039001
-0.039210
-0.039351
-0.039421
-0.039421
-0.039351
-0.039210
-0.039001
-0.038722
-0.038377
-0.037964
-0.037488
-0.036948
-0.036347
-0.035688
-0.034973
-0.034205
-0.033386
-0.032519
-0.031609
-0.030657
-0.029668
-0.028644
-0.027591
-0.026511
-0.025407
-0.024285
-0.023148
-0.021999
-0.020842
-0.019682
-0.018521
-0.017363
-0.016213
-0.015073
-0.013946
-0.012836
-0.011746
-0.010679
-0.009638
-0.008624
-0.007641
-0.006691
-0.005775
-0.004895
-0.004054
-0.003251
-0.002489
-0.001769
-0.001091
-0.000455
0.000138
0.000688
0.001194
0.001658
0.002079
0.002459
0.002798
0.003096
0.003356
0.003578
0.003764
0.003914
0.004031
0.004117
0.004172
0.004199
0.004199
0.004175
0.004128
0.004060
0.003973
0.003869
0.003751
0.003618
0.003475
0.003322
0.003161
0.002993
0.002821
0.002646
0.002469
0.002292
0.002116
0.001942
0.001771
0.001604
0.001442
0.001286
0.001137
0.000994
0.000860
0.000733
0.000614
0.000505
0.000403
0.000000
0.000000
0.000000
0.000000
0.000000
0.000000
0.000000
0.000000
0.000000
0.000000
0.000000
0.000000
0.000000
0.000000
0.000000
-0.000000
-0.000000
-0.000000
-0.000000
-0.000000
-0.000000
-0.000000
-0.000000
-0.000000
-0.000000
-0.000000
-0.000000
-0.000000
-0.000000
-0.000000
-0.000000
0.000941
0.001177
0.001434
0.001710
0.002006
0.002320
0.002652
0.003001
0.003365
0.003742
0.004131
0.004530
0.004936
0.005348
0.005761
0.006174
0.006582
0.006984
0.007374
0.007750
0.008108
0.008443
0.008751
0.009028
0.009270
0.009473
0.009631
0.009741
0.009797
0.009796
0.009734
0.009605
0.009406
0.009133
0.008781
0.008348
0.007831
0.007225
0.006528
0.005737
0.004852
0.003868
0.002786
0.001604
0.000322
-0.001061
-0.002544
-0.004127
-0.005808
-0.007586
-0.009458
-0.011422
-0.013474
-0.015611
-0.017828
-0.020122
-0.022487
-0.024917
-0.027407
-0.029949
-0.032538
-0.035167
-0.037827
-0.040512
-0.043212
-0.045921
-0.048629
-0.051327
-0.054008
-0.056662
-0.059280
-0.061854
-0.064374
-0.066833
-0.069220
-0.071528
-0.073749
-0.075874
-0.077895
-0.079806
-0.081599
-0.083268
-0.084805
-0.086206
-0.087465
-0.088578
-0.089539
-0.090347
-0.090996
-0.091485
-0.091812
-0.091976
-0.091976
-0.091812
-0.091485
-0.090996
-0.090347
-0.089539
-0.088578
-0.087465
-0.086206
-0.084805
-0.083268
-0.081599
-0.079806
-0.077895
-0.075874
-0.073749
-0.071528
-0.069220
-0.066833
-0.064374
-0.061854
-0.059280
-0.056662
-0.054008
-0.051327
-0.048629
-0.045921
-0.043212
-0.040512
-0.037827
-0.035167
-0.032538
-0.029949
-0.027407
-0.024917
-0.022487
-0.020122
-0.017828
-0.015611
-0.013474
-0.011422
-0.009458
-0.007586
-0.005808
-0.004127
-0.002544
-0.001061
0.000322
0.001604
0.002786
0.003868
0.004852
0.005737
0.006528
0.007225
0.007831
0.008348
0.008781
0.009133
0.009406
0.009605
0.009734
0.009796
0.009797
0.009741
0.009631
0.009473
0.009270
0.009028
0.008751
0.008443
0.008108
0.007750
0.007374
0.006984
0.006582
0.006174
0.005761
0.005348
0.004936
0.004530
0.004131
0.003742
0.003365
0.003001
0.002652
0.002320
0.002006
0.001710
0.001434
0.001177
0.000941
-0.000000
-0.000000
-0.000000
-0.000000
-0.000000
-0.000000
-0.000000
-0.000000
-0.000000
-0.000000
-0.000000
-0.000000
-0.000000
-0.000000
-0.000000
-0.000000
-0.000000
-0.000000
-0.000000
-0.000000
-0.000000
-0.000000
-0.000000
-0.000000
-0.000000
-0.000000
-0.000000
-0.000000
-0.000000
-0.000000
-0.000000
0.000388
0.000485
0.000591
0.000705
0.000827
0.000957
0.001094
0.001237
0.001387
0.001543
0.001703
0.001868
0.002035
0.002205
0.002376
0.002546
0.002714
0.002880
0.003041
0.003196
0.003343
0.003481
0.003608
0.003723
0.003823
0.003906
0.003971
0.004016
0.004040
0.004039
0.004014
0.003960
0.003878
0.003766
0.003621
0.003442
0.003229
0.002979
0.002692
0.002366
0.002001
0.001595
0.001149
0.000661
0.000133
-0.000438
-0.001049
-0.001702
-0.002395
-0.003128
-0.003900
-0.004710
-0.005556
-0.006437
-0.007351
-0.008297
-0.009272
-0.010274
-0.011301
-0.012349
-0.013417
-0.014501
-0.015598
-0.016705
-0.017818
-0.018935
-0.020052
-0.021164
-0.022270
-0.023364
-0.024444
-0.025505
-0.026544
-0.027558
-0.028542
-0.029494
-0.030410
-0.031286
-0.032120
-0.032908
-0.033647
-0.034335
-0.034969
-0.035547
-0.036066
-0.036525
-0.036921
-0.037254
-0.037522
-0.037723
-0.037858
-0.037926
-0.037926
-0.037858
-0.037723
-0.037522
-0.037254
-0.036921
-0.036525
-0.036066
-0.035547
-0.034969
-0.034335
-0.033647
-0.032908
-0.032120
-0.031286
-0.030410
-0.029494
-0.028542
-0.027558
-0.026544
-0.025505
-0.024444
-0.023364
-0.022270
-0.021164
-0.020052
-0.018935
-0.017818
-0.016705
-0.015598
-0.014501
-0.013417
-0.012349
-0.011301
-0.010274
-0.009272
-0.008297
-0.007351
-0.006437
-0.005556
-0.004710
-0.003900
-0.003128
-0.002395
-0.001702
-0.001049
-0.000438
0.000133
0.000661
0.001149
0.001595
0.002001
0.002366
0.002692
0.002979
0.003229
0.003442
0.003621
0.003766
0.003878
0.003960
0.004014
0.004039
0.004040
0.004016
0.003971
0.003906
0.003823
0.003723
0.003608
0.003481
0.003343
0.003196
0.003041
0.002880
0.002714
0.002546
0.002376
0.002205
0.002035
0.001868
0.001703
0.001543
0.001387
0.001237
0.001094
0.000957
0.000827
0.000705
0.000591
0.000485
0.000388
-0.000000
-0.000000
-0.000000
-0.000000
-0.000000
-0.000000
-0.000000
-0.000000
-0.000000
-0.000000
-0.000000
-0.000000
-0.000000
-0.000000
-0.000000
0.000000
0.000000
0.000000
0.000000
0.000000
0.000000
0.000000
0.000000
0.000000
0.000000
0.000000
0.000000
0.000000
0.000000
0.000000
0.000000
0.000000
0.000000
0.000000
0.000000
0.000000
0.000000
0.000000
0.000000
0.000000
0.000000
0.000000
0.000000
0.000000
0.000000
0.000000
0.000000
0.000000
0.000000
0.000000
0.000000
0.000000
0.000000
0.000000
0.000000
0.000000
0.000000
0.000000
0.000000
0.000000
0.000000
0.000000
0.000000
0.000000
0.000000
0.000000
0.000000
0.000000
0.000000
0.000000
0.000000
0.000000
0.000000
0.000000
0.000000
0.000000
0.000000
0.000000
0.000000
0.000000
0.000000
0.000000
0.000000
0.000000
0.000000
0.000000
0.000000
0.000000
0.000000
0.000000
0.000000
0.000000
0.000000
0.000000
0.000000
0.000000
0.000000
0.000000
0.000000
0.000000
0.000000
0.000000
0.000000
0.000000
0.000000
0.000000
0.000000
0.000000
0.000000
0.000000
0.000000
0.000000
0.000000
0.000000
0.000000
0.000000
0.000000
0.000000
0.000000
0.000000
0.000000
0.000000
0.000000
0.000000
0.000000
0.000000
0.000000
0.000000
0.000000
0.000000
0.000000
0.000000
0.000000
1.000000
1.000000
1.000000
1.000000
1.000000
1.000000
1.000000
1.000000
1.000000
1.000000
1.000000
1.000000
1.000000
1.000000
1.000000
1.000000
1.000000
1.000000
1.000000
1.000000
1.000000
1.000000
1.000000
1.000000
1.000000
1.000000
1.000000
1.000000
1.000000
1.000000
1.000000
1.000000
1.000000
1.000000
1.000000
1.000000
1.000000
1.000000
1.000000
1.000000
1.000000
1.000000
1.000000
1.000000
1.000000
1.000000
1.000000
1.000000
1.000000
1.000000
1.000000
1.000000
1.000000
1.000000
1.000000
1.000000
1.000000
1.000000
1.000000
1.000000
1.000000
1.000000
1.000000
1.000000
1.000000
1.000000
1.000000
1.000000
1.000000
1.000000
1.000000
1.000000
1.000000
1.000000
1.000000
1.000000
1.000000
1.000000
1.000000
1.000000
1.000000
1.000000
1.000000
1.000000
1.000000
1.000000
1.000000
1.000000
1.000000
1.000000
1.000000
1.000000
1.000000
1.000000
1.000000
1.000000
1.000000
1.000000
1.000000
1.000000
1.000000
1.000000
1.000000
1.000000
1.000000
1.000000
1.000000
1.000000
1.000000
1.000000
1.000000
1.000000
1.000000
1.000000
1.000000
1.000000
1.000000
1.000000
1.000000
1.000000
1.000000
1.000000
1.000000
1.000000
1.000000
1.000000
1.000000
1.000000
1.000000
1.000000
1.000000
1.000000
1.000000
1.000000
1.000000
1.000000
1.000000
1.000000
1.000000
1.000000
1.000000
1.000000
1.000000
1.000000
1.000000
1.000000
1.000000
1.000000
1.000000
1.000000
1.000000
1.000000
1.000000
1.000000
1.000000
1.000000
1.000000
1.000000
1.000000
1.000000
1.000000
1.000000
1.000000
1.000000
1.000000
1.000000
1.000000
1.000000
1.000000
1.000000
1.000000
1.000000
1.000000
1.000000
1.000000
1.000000
1.000000
1.000000
1.000000
1.000000
1.000000
1.000000
1.000000
1.000000
1.000000
1.000000
1.000000
1.000000
1.000000
1.000000
1.000000
1.000000
1.000000
1.000000
1.000000
1.000000
1.000000
1.000000
1.000000
1.000000
1.000000
1.000000
1.000000
1.000000
1.000000
1.000000
1.000000
1.000000
1.000000
1.000000
1.000000
1.000000
1.000000
1.000000
1.000000
-1.000000
-1.000000
-1.000000
-1.000000
-1.000000
-1.000000
-1.000000
-1.000000
-1.000000
-1.000000
-1.000000
-1.000000
-1.000000
-1.000000
-1.000000
-1.000000
-1.000000
-1.000000
-1.000000
-1.000000
-1.000000
-1.000000
-1.000000
-1.000000
-1.000000
-1.000000
-1.000000
-1.000000
-1.000000
-1.000000
-1.000000
-1.000000
-1.000000
-1.000000
-1.000000
-1.000000
-1.000000
-1.000000
-1.000000
-1.000000
-1.000000
-1.000000
-1.000000
-1.000000
-1.000000
-1.000000
-1.000000
-1.000000
-1.000000
-1.000000
-1.000000
-1.000000
-1.000000
-1.000000
-1.000000
-1.000000
-1.000000
-1.000000
-1.000000
-1.000000
-1.000000
-1.000000
-1.000000
-1.000000
-1.000000
-1.000000
-1.000000
-1.000000
-1.000000
-1.000000
-1.000000
-1.000000
-1.000000
-1.000000
-1.000000
-1.000000
-1.000000
-1.000000
-1.000000
-1.000000
-1.000000
-1.000000
-1.000000
-1.000000
-1.000000
-1.000000
-1.000000
-1.000000
-1.000000
-1.000000
-1.000000
-1.000000
-1.000000
-1.000000
-1.000000
-1.000000
-1.000000
-1.000000
-1.000000
-1.000000
-1.000000
-1.000000
-1.000000
-1.000000
-1.000000
-1.000000
-1.000000
-1.000000
-1.000000
-1.000000
-1.000000
-1.000000
-1.000000
-1.000000
-1.000000
-1.000000
-1.000000
-1.000000
-1.000000
-1.000000
-1.000000
-1.000000
-1.000000
-1.000000
-1.000000
-1.000000
-1.000000
-1.000000
-1.000000
-1.000000
-1.000000
-1.000000
-1.000000
-1.000000
-1.000000
-1.000000
-1.000000
-1.000000
-1.000000
-1.000000
-1.000000
-1.000000
-1.000000
-1.000000
-1.000000
-1.000000
-1.000000
-1.000000
-1.000000
-1.000000
-1.000000
-1.000000
-1.000000
-1.000000
-1.000000
-1.000000
-1.000000
-1.000000
-1.000000
-1.000000
-1.000000
-1.000000
-1.000000
-1.000000
-1.000000
-1.000000
-1.000000
-1.000000
-1.000000
-1.000000
-1.000000
-1.000000
-1.000000
-1.000000
-1.000000
-1.000000
-1.000000
-1.000000
-1.000000
-1.000000
-1.000000
-1.000000
-1.000000
-1.000000
-1.000000
-1.000000
-1.000000
-1.000000
-1.000000
-1.000000
-1.000000
-1.000000
-1.000000
-1.000000
-1.000000
-1.000000
-1.000000
-1.000000
-1.000000
-1.000000
-1.000000
-1.000000
-1.000000
-1.000000
-1.000000
-1.000000
-1.000000
-1.000000
-1.000000
-1.000000
-1.000000
-1.000000
-1.000000
-1.000000
-1.000000
1.000000
1.000000
1.000000
1.000000
1.000000
1.000000
1.000000
1.000000
1.000000
1.000000
1.000000
1.000000
1.000000
1.000000
1.000000
1.000000
1.000000
1.000000
1.000000
1.000000
1.000000
1.000000
1.000000
1.000000
1.000000
1.000000
1.000000
1.000000
1.000000
1.000000
1.000000
1.000000
1.000000
1.000000
1.000000
1.000000
1.000000
1.000000
1.000000
1.000000
1.000000
1.000000
1.000000
1.000000
1.000000
1.000000
1.000000
1.000000
1.000000
1.000000
1.000000
1.000000
1.000000
1.000000
1.000000
1.000000
1.000000
1.000000
1.000000
1.000000
1.000000
1.000000
1.000000
1.000000
1.000000
1.000000
1.000000
1.000000
1.000000
1.000000
1.000000
1.000000
1.000000
1.000000
1.000000
1.000000
1.000000
1.000000
1.000000
1.000000
1.000000
1.000000
1.000000
1.000000
1.000000
1.000000
1.000000
1.000000
1.000000
1.000000
1.000000
1.000000
1.000000
1.000000
1.000000
1.000000
1.000000
1.000000
1.000000
1.000000
1.000000
1.000000
1.000000
1.000000
1.000000
1.000000
1.000000
1.000000
1.000000
1.000000
1.000000
1.000000
1.000000
1.000000
1.000000
1.000000
1.000000
1.000000
1.000000
1.000000
1.000000
1.000000
1.000000
1.000000
1.000000
1.000000
1.000000
1.000000
1.000000
1.000000
1.000000
1.000000
1.000000
1.000000
1.000000
1.000000
1.000000
1.000000
1.000000
1.000000
1.000000
1.000000
1.000000
1.000000
1.000000
1.000000
1.000000
1.000000
1.000000
1.000000
1.000000
1.000000
1.000000
1.000000
1.000000
1.000000
1.000000
1.000000
1.000000
1.000000
1.000000
1.000000
1.000000
1.000000
1.000000
1.000000
1.000000
1.000000
1.000000
1.000000
1.000000
1.000000
1.000000
1.000000
1.000000
1.000000
1.000000
1.000000
1.000000
1.000000
1.000000
1.000000
1.000000
1.000000
1.000000
1.000000
1.000000
1.000000
1.000000
1.000000
1.000000
1.000000
1.000000
1.000000
1.000000
1.000000
1.000000
1.000000
1.000000
1.000000
1.000000
1.000000
1.000000
1.000000
1.000000
1.000000
1.000000
1.000000
1.000000
1.000000
1.000000
1.000000
1.000000
1.000000
1.000000
-1.000000
-1.000000
-1.000000
-1.000000
-1.000000
-1.000000
-1.000000
-1.000000
-1.000000
-1.000000
-1.000000
-1.000000
-1.000000
-1.000000
-1.000000
-1.000000
-1.000000
-1.000000
-1.000000
-1.000000
-1.000000
-1.000000
-1.000000
-1.000000
-1.000000
-1.000000
-1.000000
-1.000000
-1.000000
-1.000000
-1.000000
-1.000000
-1.000000
-1.000000
-1.000000
-1.000000
-1.000000
-1.000000
-1.000000
-1.000000
-1.000000
-1.000000
-1.000000
-1.000000
-1.000000
-1.000000
-1.000000
-1.000000
-1.000000
-1.000000
-1.000000
-1.000000
-1.000000
-1.000000
-1.000000
-1.000000
-1.000000
-1.000000
-1.000000
-1.000000
-1.000000
-1.000000
-1.000000
-1.000000
-1.000000
-1.000000
-1.000000
-1.000000
-1.000000
-1.000000
-1.000000
-1.000000
-1.000000
-1.000000
-1.000000
-1.000000
-1.000000
-1.000000
-1.000000
-1.000000
-1.000000
-1.000000
-1.000000
-1.000000
-1.000000
-1.000000
-1.000000
-1.000000
-1.000000
-1.000000
-1.000000
-1.000000
-1.000000
-1.000000
-1.000000
-1.000000
-1.000000
-1.000000
-1.000000
-1.000000
-1.000000
-1.000000
-1.000000
-1.000000
-1.000000
-1.000000
-1.000000
-1.000000
-1.000000
-1.000000
-1.000000
-1.000000
-1.000000
-1.000000
-1.000000
-1.000000
-1.000000
-1.000000
-1.000000
-1.000000
-1.000000
-1.000000
-1.000000
-1.000000
-1.000000
-1.000000
-1.000000
-1.000000
-1.000000
-1.000000
-1.000000
-1.000000
-1.000000
-1.000000
-1.000000
-1.000000
-1.000000
-1.000000
-1.000000
-1.000000
-1.000000
-1.000000
-1.000000
-1.000000
-1.000000
-1.000000
-1.000000
-1.000000
-1.000000
-1.000000
-1.000000
-1.000000
-1.000000
-1.000000
-1.000000
-1.000000
-1.000000
-1.000000
-1.000000
-1.000000
-1.000000
-1.000000
-1.000000
-1.000000
-1.000000
-1.000000
-1.000000
-1.000000
-1.000000
-1.000000
-1.000000
-1.000000
-1.000000
-1.000000
-1.000000
-1.000000
-1.000000
-1.000000
-1.000000
-1.000000
-1.000000
-1.000000
-1.000000
-1.000000
-1.000000
-1.000000
-1.000000
-1.000000
-1.000000
-1.000000
-1.000000
-1.000000
-1.000000
-1.000000
-1.000000
-1.000000
-1.000000
-1.000000
-1.000000
-1.000000
-1.000000
-1.000000
-1.000000
-1.000000
-1.000000
-1.000000
-1.000000
-1.000000
-1.000000
-1.000000
-1.000000
-1.000000
-1.000000
-1.000000
-1.000000
1.000000
1.000000
1.000000
1.000000
1.000000
1.000000
1.000000
1.000000
1.000000
1.000000
1.000000
1.000000
1.000000
1.000000
1.000000
1.000000
1.000000
1.000000
1.000000
1.000000
1.000000
1.000000
1.000000
1.000000
1.000000
1.000000
1.000000
1.000000
1.000000
1.000000
1.000000
1.000000
1.000000
1.000000
1.000000
1.000000
1.000000
1.000000
1.000000
1.000000
1.000000
1.000000
1.000000
1.000000
1.000000
1.000000
1.000000
1.000000
1.000000
1.000000
1.000000
1.000000
1.000000
1.000000
1.000000
1.000000
1.000000
1.000000
1.000000
1.000000
1.000000
1.000000
1.000000
1.000000
1.000000
1.000000
1.000000
1.000000
1.000000
1.000000
1.000000
1.000000
1.000000
1.000000
1.000000
1.000000
1.000000
1.000000
1.000000
1.000000
1.000000
1.000000
1.000000
1.000000
1.000000
1.000000
1.000000
1.000000
1.000000
1.000000
1.000000
1.000000
1.000000
1.000000
1.000000
1.000000
1.000000
1.000000
1.000000
1.000000
1.000000
1.000000
1.000000
1.000000
1.000000
1.000000
1.000000
1.000000
1.000000
1.000000
1.000000
1.000000
1.000000
1.000000
1.000000
1.000000
1.000000
1.000000
1.000000
1.000000
1.000000
1.000000
1.000000
1.000000
1.000000
1.000000
1.000000
1.000000
1.000000
1.000000
1.000000
1.000000
1.000000
1.000000
1.000000
1.000000
1.000000
1.000000
1.000000
1.000000
1.000000
1.000000
1.000000
1.000000
1.000000
1.000000
1.000000
1.000000
1.000000
1.000000
1.000000
1.000000
1.000000
1.000000
1.000000
1.000000
1.000000
1.000000
1.000000
1.000000
1.000000
1.000000
1.000000
1.000000
1.000000
1.000000
1.000000
1.000000
1.000000
1.000000
1.000000
1.000000
1.000000
1.000000
1.000000
1.000000
1.000000
1.000000
1.000000
1.000000
1.000000
1.000000
1.000000
1.000000
1.000000
1.000000
1.000000
1.000000
1.000000
1.000000
1.000000
1.000000
1.000000
1.000000
1.000000
1.000000
1.000000
1.000000
1.000000
1.000000
1.000000
1.000000
1.000000
1.000000
1.000000
1.000000
1.000000
1.000000
1.000000
1.000000
1.000000
1.000000
1.000000
1.000000
1.000000
-1.000000
-1.000000
-1.000000
-1.000000
-1.000000
-1.000000
-1.000000
-1.000000
-1.000000
-1.000000
-1.000000
-1.000000
-1.000000
-1.000000
-1.000000
-1.000000
-1.000000
-1.000000
-1.000000
-1.000000
-1.000000
-1.000000
-1.000000
-1.000000
-1.000000
-1.000000
-1.000000
-1.000000
-1.000000
-1.000000
-1.000000
-1.000000
-1.000000
-1.000000
-1.000000
-1.000000
-1.000000
-1.000000
-1.000000
-1.000000
-1.000000
-1.000000
-1.000000
-1.000000
-1.000000
-1.000000
-1.000000
-1.000000
-1.000000
-1.000000
-1.000000
-1.000000
-1.000000
-1.000000
-1.000000
-1.000000
-1.000000
-1.000000
-1.000000
-1.000000
-1.000000
-1.000000
-1.000000
-1.000000
-1.000000
-1.000000
-1.000000
-1.000000
-1.000000
-1.000000
-1.000000
-1.000000
-1.000000
-1.000000
-1.000000
-1.000000
-1.000000
-1.000000
-1.000000
-1.000000
-1.000000
-1.000000
-1.000000
-1.000000
-1.000000
-1.000000
-1.000000
-1.000000
-1.000000
-1.000000
-1.000000
-1.000000
-1.000000
-1.000000
-1.000000
-1.000000
-1.000000
-1.000000
-1.000000
-1.000000
-1.000000
-1.000000
-1.000000
-1.000000
-1.000000
-1.000000
-1.000000
-1.000000
-1.000000
-1.000000
-1.000000
-1.000000
-1.000000
-1.000000
-1.000000
-1.000000
-1.000000
-1.000000
-1.000000
-1.000000
-1.000000
-1.000000
-1.000000
-1.000000
-1.000000
-1.000000
-1.000000
-1.000000
-1.000000
-1.000000
-1.000000
-1.000000
-1.000000
-1.000000
-1.000000
-1.000000
-1.000000
-1.000000
-1.000000
-1.000000
-1.000000
-1.000000
-1.000000
-1.000000
-1.000000
-1.000000
-1.000000
-1.000000
-1.000000
-1.000000
-1.000000
-1.000000
-1.000000
-1.000000
-1.000000
-1.000000
-1.000000
-1.000000
-1.000000
-1.000000
-1.000000
-1.000000
-1.000000
-1.000000
-1.000000
-1.000000
-1.000000
-1.000000
-1.000000
-1.000000
-1.000000
-1.000000
-1.000000
-1.000000
-1.000000
-1.000000
-1.000000
-1.000000
-1.000000
-1.000000
-1.000000
-1.000000
-1.000000
-1.000000
-1.000000
-1.000000
-1.000000
-1.000000
-1.000000
-1.000000
-1.000000
-1.000000
-1.000000
-1.000000
-1.000000
-1.000000
-1.000000
-1.000000
-1.000000
-1.000000
-1.000000
-1.000000
-1.000000
-1.000000
-1.000000
-1.000000
-1.000000
-1.000000
-1.000000
-1.000000
-1.000000
-1.000000
-1.000000
-1.000000
-1.000000
1.000000
1.000000
1.000000
1.000000
1.000000
1.000000
1.000000
1.000000
1.000000
1.000000
1.000000
1.000000
1.000000
1.000000
1.000000
1.000000
1.000000
1.000000
1.000000
1.000000
1.000000
1.000000
1.000000
1.000000
1.000000
1.000000
1.000000
1.000000
1.000000
1.000000
1.000000
1.000000
1.000000
1.000000
1.000000
1.000000
1.000000
1.000000
1.000000
1.000000
1.000000
1.000000
1.000000
1.000000
1.000000
1.000000
1.000000
1.000000
1.000000
1.000000
1.000000
1.000000
1.000000
1.000000
1.000000
1.000000
1.000000
1.000000
1.000000
1.000000
1.000000
1.000000
1.000000
1.000000
1.000000
1.000000
1.000000
1.000000
1.000000
1.000000
1.000000
1.000000
1.000000
1.000000
1.000000
1.000000
1.000000
1.000000
1.000000
1.000000
1.000000
1.000000
1.000000
1.000000
1.000000
1.000000
1.000000
1.000000
1.000000
1.000000
1.000000
1.000000
1.000000
1.000000
1.000000
1.000000
1.000000
1.000000
1.000000
1.000000
1.000000
1.000000
1.000000
1.000000
1.000000
1.000000
1.000000
1.000000
1.000000
1.000000
1.000000
1.000000
1.000000
1.000000
1.000000
1.000000
1.000000
1.000000
1.000000
1.000000
1.000000
1.000000
1.000000
1.000000
1.000000
1.000000
1.000000
1.000000
1.000000
1.000000
1.000000
1.000000
1.000000
1.000000
1.000000
1.000000
1.000000
1.000000
1.000000
1.000000
1.000000
1.000000
1.000000
1.000000
1.000000
1.000000
1.000000
1.000000
1.000000
1.000000
1.000000
1.000000
1.000000
1.000000
1.000000
1.000000
1.000000
1.000000
1.000000
1.000000
1.000000
1.000000
1.000000
1.000000
1.000000
1.000000
1.000000
1.000000
1.000000
1.000000
1.000000
1.000000
1.000000
1.000000
1.000000
1.000000
1.000000
1.000000
1.000000
1.000000
1.000000
1.000000
1.000000
1.000000
1.000000
1.000000
1.000000
1.000000
1.000000
1.000000
1.000000
1.000000
1.000000
1.000000
1.000000
1.000000
1.000000
1.000000
1.000000
1.000000
1.000000
1.000000
1.000000
1.000000
1.000000
1.000000
1.000000
1.000000
1.000000
1.000000
1.000000
1.000000
1.000000
1.000000
1.000000
-1.000000
-1.000000
-1.000000
-1.000000
-1.000000
-1.000000
-1.000000
-1.000000
-1.000000
-1.000000
-1.000000
-1.000000
-1.000000
-1.000000
-1.000000
-1.000000
-1.000000
-1.000000
-1.000000
-1.000000
-1.000000
-1.000000
-1.000000
-1.000000
-1.000000
-1.000000
-1.000000
-1.000000
-1.000000
-1.000000
-1.000000
-1.000000
-1.000000
-1.000000
-1.000000
-1.000000
-1.000000
-1.000000
-1.000000
-1.000000
-1.000000
-1.000000
-1.000000
-1.000000
-1.000000
-1.000000
-1.000000
-1.000000
-1.000000
-1.000000
-1.000000
-1.000000
-1.000000
-1.000000
-1.000000
-1.000000
-1.000000
-1.000000
-1.000000
-1.000000
-1.000000
-1.000000
-1.000000
-1.000000
-1.000000
-1.000000
-1.000000
-1.000000
-1.000000
-1.000000
-1.000000
-1.000000
-1.000000
-1.000000
-1.000000
-1.000000
-1.000000
-1.000000
-1.000000
-1.000000
-1.000000
-1.000000
-1.000000
-1.000000
-1.000000
-1.000000
-1.000000
-1.000000
-1.000000
-1.000000
-1.000000
-1.000000
-1.000000
-1.000000
-1.000000
-1.000000
-1.000000
-1.000000
-1.000000
-1.000000
-1.000000
-1.000000
-1.000000
-1.000000
-1.000000
-1.000000
-1.000000
-1.000000
-1.000000
-1.000000
-1.000000
-1.000000
-1.000000
-1.000000
-1.000000
-1.000000
-1.000000
-1.000000
-1.000000
-1.000000
-1.000000
-1.000000
-1.000000
-1.000000
-1.000000
-1.000000
-1.000000
-1.000000
-1.000000
-1.000000
-1.000000
-1.000000
-1.000000
-1.000000
-1.000000
-1.000000
-1.000000
-1.000000
-1.000000
-1.000000
-1.000000
-1.000000
-1.000000
-1.000000
-1.000000
-1.000000
-1.000000
-1.000000
-1.000000
-1.000000
-1.000000
-1.000000
-1.000000
-1.000000
-1.000000
-1.000000
-1.000000
-1.000000
-1.000000
-1.000000
-1.000000
-1.000000
-1.000000
-1.000000
-1.000000
-1.000000
-1.000000
-1.000000
-1.000000
-1.000000
-1.000000
-1.000000
-1.000000
-1.000000
-1.000000
-1.000000
-1.000000
-1.000000
-1.000000
-1.000000
-1.000000
-1.000000
-1.000000
-1.000000
-1.000000
-1.000000
-1.000000
-1.000000
-1.000000
-1.000000
-1.000000
-1.000000
-1.000000
-1.000000
-1.000000
-1.000000
-1.000000
-1.000000
-1.000000
-1.000000
-1.000000
-1.000000
-1.000000
-1.000000
-1.000000
-1.000000
-1.000000
-1.000000
-1.000000
-1.000000
-1.000000
-1.000000
-1.000000
-1.000000
-1.000000
1.000000
1.000000
1.000000
1.000000
1.000000
1.000000
1.000000
1.000000
1.000000
1.000000
1.000000
1.000000
1.000000
1.000000
1.000000
1.000000
1.000000
1.000000
1.000000
1.000000
1.000000
1.000000
1.000000
1.000000
1.000000
1.000000
1.000000
1.000000
1.000000
1.000000
1.000000
1.000000
1.000000
1.000000
1.000000
1.000000
1.000000
1.000000
1.000000
1.000000
1.000000
1.000000
1.000000
1.000000
1.000000
1.000000
1.000000
1.000000
1.000000
1.000000
1.000000
1.000000
1.000000
1.000000
1.000000
1.000000
1.000000
1.000000
1.000000
1.000000
1.000000
1.000000
1.000000
1.000000
1.000000
1.000000
1.000000
1.000000
1.000000
1.000000
1.000000
1.000000
1.000000
1.000000
1.000000
1.000000
1.000000
1.000000
1.000000
1.000000
1.000000
1.000000
1.000000
1.000000
1.000000
1.000000
1.000000
1.000000
1.000000
1.000000
1.000000
1.000000
1.000000
1.000000
1.000000
1.000000
1.000000
1.000000
1.000000
1.000000
1.000000
1.000000
1.000000
1.000000
1.000000
1.000000
1.000000
1.000000
1.000000
1.000000
1.000000
1.000000
1.000000
1.000000
1.000000
1.000000
1.000000
1.000000
1.000000
1.000000
1.000000
1.000000
1.000000
1.000000
1.000000
1.000000
1.000000
1.000000
1.000000
1.000000
1.000000
1.000000
1.000000
1.000000
1.000000
1.000000
1.000000
1.000000
1.000000
1.000000
1.000000
1.000000
1.000000
1.000000
1.000000
1.000000
1.000000
1.000000
1.000000
1.000000
1.000000
1.000000
1.000000
1.000000
1.000000
1.000000
1.000000
1.000000
1.000000
1.000000
1.000000
1.000000
1.000000
1.000000
1.000000
1.000000
1.000000
1.000000
1.000000
1.000000
1.000000
1.000000
1.000000
1.000000
1.000000
1.000000
1.000000
1.000000
1.000000
1.000000
1.000000
1.000000
1.000000
1.000000
1.000000
1.000000
1.000000
1.000000
1.000000
1.000000
1.000000
1.000000
1.000000
1.000000
1.000000
1.000000
1.000000
1.000000
1.000000
1.000000
1.000000
1.000000
1.000000
1.000000
1.000000
1.000000
1.000000
1.000000
1.000000
1.000000
1.000000
1.000000
1.000000
1.000000
1.000000
-1.000000
-1.000000
-1.000000
-1.000000
-1.000000
-1.000000
-1.000000
-1.000000
-1.000000
-1.000000
-1.000000
-1.000000
-1.000000
-1.000000
-1.000000
-1.000000
-1.000000
-1.000000
-1.000000
-1.000000
-1.000000
-1.000000
-1.000000
-1.000000
-1.000000
-1.000000
-1.000000
-1.000000
-1.000000
-1.000000
-1.000000
-1.000000
-1.000000
-1.000000
-1.000000
-1.000000
-1.000000
-1.000000
-1.000000
-1.000000
-1.000000
-1.000000
-1.000000
-1.000000
-1.000000
-1.000000
-1.000000
-1.000000
-1.000000
-1.000000
-1.000000
-1.000000
-1.000000
-1.000000
-1.000000
-1.000000
-1.000000
-1.000000
-1.000000
-1.000000
-1.000000
-1.000000
-1.000000
-1.000000
-1.000000
-1.000000
-1.000000
-1.000000
-1.000000
-1.000000
-1.000000
-1.000000
-1.000000
-1.000000
-1.000000
-1.000000
-1.000000
-1.000000
-1.000000
-1.000000
-1.000000
-1.000000
-1.000000
-1.000000
-1.000000
-1.000000
-1.000000
-1.000000
-1.000000
-1.000000
-1.000000
-1.000000
-1.000000
-1.000000
-1.000000
-1.000000
-1.000000
-1.000000
-1.000000
-1.000000
-1.000000
-1.000000
-1.000000
-1.000000
-1.000000
-1.000000
-1.000000
-1.000000
-1.000000
-1.000000
-1.000000
-1.000000
-1.000000
-1.000000
-1.000000
-1.000000
-1.000000
-1.000000
-1.000000
-1.000000
-1.000000
-1.000000
-1.000000
-1.000000
-1.000000
-1.000000
-1.000000
-1.000000
-1.000000
-1.000000
-1.000000
-1.000000
-1.000000
-1.000000
-1.000000
-1.000000
-1.000000
-1.000000
-1.000000
-1.000000
-1.000000
-1.000000
-1.000000
-1.000000
-1.000000
-1.000000
-1.000000
-1.000000
-1.000000
-1.000000
-1.000000
-1.000000
-1.000000
-1.000000
-1.000000
-1.000000
-1.000000
-1.000000
-1.000000
-1.000000
-1.000000
-1.000000
-1.000000
-1.000000
-1.000000
-1.000000
-1.000000
-1.000000
-1.000000
-1.000000
-1.000000
-1.000000
-1.000000
-1.000000
-1.000000
-1.000000
-1.000000
-1.000000
-1.000000
-1.000000
-1.000000
-1.000000
-1.000000
-1.000000
-1.000000
-1.000000
-1.000000
-1.000000
-1.000000
-1.000000
-1.000000
-1.000000
-1.000000
-1.000000
-1.000000
-1.000000
-1.000000
-1.000000
-1.000000
-1.000000
-1.000000
-1.000000
-1.000000
-1.000000
-1.000000
-1.000000
-1.000000
-1.000000
-1.000000
-1.000000
-1.000000
-1.000000
-1.000000
-1.000000
-1.000000
1.000000
1.000000
1.000000
1.000000
1.000000
1.000000
1.000000
1.000000
1.000000
1.000000
1.000000
1.000000
1.000000
1.000000
1.000000
1.000000
1.000000
1.000000
1.000000
1.000000
1.000000
1.000000
1.000000
1.000000
1.000000
1.000000
1.000000
1.000000
1.000000
1.000000
1.000000
1.000000
1.000000
1.000000
1.000000
1.000000
1.000000
1.000000
1.000000
1.000000
1.000000
1.000000
1.000000
1.000000
1.000000
1.000000
1.000000
1.000000
1.000000
1.000000
1.000000
1.000000
1.000000
1.000000
1.000000
1.000000
1.000000
1.000000
1.000000
1.000000
1.000000
1.000000
1.000000
1.000000
1.000000
1.000000
1.000000
1.000000
1.000000
1.000000
1.000000
1.000000
1.000000
1.000000
1.000000
1.000000
1.000000
1.000000
1.000000
1.000000
1.000000
1.000000
1.000000
1.000000
1.000000
1.000000
1.000000
1.000000
1.000000
1.000000
1.000000
1.000000
1.000000
1.000000
1.000000
1.000000
1.000000
1.000000
1.000000
1.000000
1.000000
1.000000
1.000000
1.000000
1.000000
1.000000
1.000000
1.000000
1.000000
1.000000
1.000000
1.000000
1.000000
1.000000
1.000000
1.000000
1.000000
1.000000
1.000000
1.000000
1.000000
1.000000
1.000000
1.000000
1.000000
1.000000
1.000000
1.000000
1.000000
1.000000
1.000000
1.000000
1.000000
1.000000
1.000000
1.000000
1.000000
1.000000
1.000000
1.000000
1.000000
1.000000
1.000000
1.000000
1.000000
1.000000
1.000000
1.000000
1.000000
1.000000
1.000000
1.000000
1.000000
1.000000
1.000000
1.000000
1.000000
1.000000
1.000000
1.000000
1.000000
1.000000
1.000000
1.000000
1.000000
1.000000
1.000000
1.000000
1.000000
1.000000
1.000000
1.000000
1.000000
1.000000
1.000000
1.000000
1.000000
1.000000
1.000000
1.000000
1.000000
1.000000
1.000000
1.000000
1.000000
1.000000
1.000000
1.000000
1.000000
1.000000
1.000000
1.000000
1.000000
1.000000
1.000000
1.000000
1.000000
1.000000
1.000000
1.000000
1.000000
1.000000
1.000000
1.000000
1.000000
1.000000
1.000000
1.000000
1.000000
1.000000
1.000000
1.000000
1.000000
1.000000
1.000000
-1.000000
-1.000000
-1.000000
-1.000000
-1.000000
-1.000000
-1.000000
-1.000000
-1.000000
-1.000000
-1.000000
-1.000000
-1.000000
-1.000000
-1.000000
-1.000000
-1.000000
-1.000000
-1.000000
-1.000000
-1.000000
-1.000000
-1.000000
-1.000000
-1.000000
-1.000000
-1.000000
-1.000000
-1.000000
-1.000000
-1.000000
-1.000000
-1.000000
-1.000000
-1.000000
-1.000000
-1.000000
-1.000000
-1.000000
-1.000000
-1.000000
-1.000000
-1.000000
-1.000000
-1.000000
-1.000000
-1.000000
-1.000000
-1.000000
-1.000000
-1.000000
-1.000000
-1.000000
-1.000000
-1.000000
-1.000000
-1.000000
-1.000000
-1.000000
-1.000000
-1.000000
-1.000000
-1.000000
-1.000000
-1.000000
-1.000000
-1.000000
-1.000000
-1.000000
-1.000000
-1.000000
-1.000000
-1.000000
-1.000000
-1.000000
-1.000000
-1.000000
-1.000000
-1.000000
-1.000000
-1.000000
-1.000000
-1.000000
-1.000000
-1.000000
-1.000000
-1.000000
-1.000000
-1.000000
-1.000000
-1.000000
-1.000000
-1.000000
-1.000000
-1.000000
-1.000000
-1.000000
-1.000000
-1.000000
-1.000000
-1.000000
-1.000000
-1.000000
-1.000000
-1.000000
-1.000000
-1.000000
-1.000000
-1.000000
-1.000000
-1.000000
-1.000000
-1.000000
-1.000000
-1.000000
-1.000000
-1.000000
-1.000000
-1.000000
-1.000000
-1.000000
-1.000000
-1.000000
-1.000000
-1.000000
-1.000000
-1.000000
-1.000000
-1.000000
-1.000000
-1.000000
-1.000000
-1.000000
-1.000000
-1.000000
-1.000000
-1.000000
-1.000000
-1.000000
-1.000000
-1.000000
-1.000000
-1.000000
-1.000000
-1.000000
-1.000000
-1.000000
-1.000000
-1.000000
-1.000000
-1.000000
-1.000000
-1.000000
-1.000000
-1.000000
-1.000000
-1.000000
-1.000000
-1.000000
-1.000000
-1.000000
-1.000000
-1.000000
-1.000000
-1.000000
-1.000000
-1.000000
-1.000000
-1.000000
-1.000000
-1.000000
-1.000000
-1.000000
-1.000000
-1.000000
-1.000000
-1.000000
-1.000000
-1.000000
-1.000000
-1.000000
-1.000000
-1.000000
-1.000000
-1.000000
-1.000000
-1.000000
-1.000000
-1.000000
-1.000000
-1.000000
-1.000000
-1.000000
-1.000000
-1.000000
-1.000000
-1.000000
-1.000000
-1.000000
-1.000000
-1.000000
-1.000000
-1.000000
-1.000000
-1.000000
-1.000000
-1.000000
-1.000000
-1.000000
-1.000000
-1.000000
-1.000000
-1.000000
-1.000000
-1.000000
0.000000
0.000000
0.000000
0.000000
0.000000
0.000000
0.000000
0.000000
0.000000
0.000000
0.000000
0.000000
0.000000
0.000000
0.000000
0.000000
0.000000
0.000000
0.000000
0.000000
0.000000
0.000000
0.000000
0.000000
0.000000
0.000000
0.000000
0.000000
0.000000
0.000000
0.000000
0.000000
0.000000
0.000000
0.000000
0.000000
0.000000
0.000000
0.000000
0.000000
0.000000
0.000000
0.000000
0.000000
0.000000
0.000000
0.000000
0.000000
0.000000
0.000000
0.000000
0.000000
0.000000
0.000000
0.000000
0.000000
0.000000
0.000000
0.000000
0.000000
0.000000
0.000000
0.000000
0.000000
0.000000
0.000000
0.000000
0.000000
0.000000
0.000000
0.000000
0.000000
0.000000
0.000000
0.000000
0.000000
0.000000
0.000000
0.000000
0.000000
0.000000
0.000000
0.000000
0.000000
0.000000
0.000000
0.000000
0.000000
0.000000
0.000000
0.000000
0.000000
0.000000
0.000000
0.000000
0.000000
0.000000
0.000000
0.000000
0.000000
0.000000
0.000000
0.000000
0.000000
0.000000
0.000000
0.000000
0.000000
0.000000
0.000000
0.000000
0.000000
0.000000
0.000000
0.000000
0.000000
0.000000
0.000000
